-1.717280063840035620e+00
8.424974494007596570e-01
-6.830613656046296001e-01
1.047597458359845746e+00
-9.623561517662646003e-02
-5.610024407006810598e-01
-9.444850052756349479e-01
7.520100093515834361e-02
7.550012296646576582e-01
1.631929150657968342e-01
4.076306939766216053e-01
3.470274621422672068e-01
1.155422749587559972e+00
-2.002958216696461291e-01
-2.725495026113549102e-01
7.216594398149916989e-01
3.112180676034615456e-01
-8.971637057852488439e-01
-9.224586740330891210e-01
1.017477077686189446e+00
-7.760132779841366624e-01
1.088092185071408702e+00
3.216354360731357720e-01
6.370559700517519630e-01
9.041656547397732002e-02
-1.285837777655504111e+00
1.181768340085556535e+00
2.055131423325425200e+00
7.572741827483168153e-01
-1.099734486758979335e+00
7.273069649863070918e-01
1.217279847355614786e+00
-6.046790594353130821e-01
-9.397483391366742156e-01
1.628814816573125990e+00
1.754201491508573296e+00
-2.862559545920701498e-01
2.234308276928552439e-01
1.215164886869014360e+00
-9.816059039445018675e-01
2.288929619261686366e+00
-4.234305698806213880e-01
-1.192634988409589480e+00
1.113107821214198156e-01
-1.630627939449796004e+00
2.190193381777482406e-01
-4.353713152876581560e-01
1.624038780738150889e+00
6.374931551991058765e-01
-6.059730913064955704e-01
2.144936794688061532e-01
-4.122297429612277742e-01
1.526206732958926615e+00
-1.211038470505195974e+00
8.921049626734334215e-01
4.713924402852603390e-01
8.795884348504802164e-01
7.660134156263648242e-01
-1.205708991687010290e+00
1.097693828065291477e+00
-5.018573959849987887e-01
1.229144805189432477e+00
-1.107989759710612088e+00
-1.310008339430801971e+00
4.188624574606675810e-01
1.455210448271406776e-01
5.161959655106411748e-01
1.830972594820724053e+00
2.558806786150049639e-01
-3.871430470417643877e-01
-1.155313767863855451e-01
-3.140246773704294392e-01
2.333001024958776815e-01
8.956056408921841960e-01
-3.389958994961268512e-01
1.313445289869765942e+00
1.308201597897380442e+00
-6.251993869147136618e-01
5.051665971673480193e-01
-4.962636758403852211e-01
-5.133094288947118722e-01
3.662611781427130841e-01
5.829659365417352301e-01
8.450038177800930361e-01
1.536320967788886993e-01
1.037579074759624742e+00
-1.029492464397868234e+00
-5.129359435962789204e-01
-1.629973897850566233e+00
1.716671533827060614e+00
-7.284943048254910458e-01
-4.422915078835089053e-01
3.459231168926842348e-01
3.990593692452804597e-01
-1.553931165385784574e+00
-1.545457880331231770e+00
-6.907061838537524867e-01
1.830371428994026495e+00
1.323831091177177566e+00
1.293891498100899096e+00
-1.964883006616628514e+00
-5.637205514308162302e-01
-7.481111860411449044e-01
1.261104107887440318e+00
1.632600062148035214e-01
1.574877177336367340e-01
-2.952553328454290416e-01
-4.722104357053304446e-01
6.404975361610719675e-01
-1.220261381307620629e+00
5.676685415773984333e-01
-1.099748560927974239e+00
-1.486429631843457222e-01
3.698693633973212935e-01
2.527735166138457834e-01
2.544510405222994431e-01
-1.145312849020433399e+00
6.753562459474420354e-01
-6.021859487707994507e-01
-4.812663135420871402e-02
1.486620469446986892e+00
-1.798690613529176918e-01
-1.241834473452733789e+00
1.425032474935620463e+00
-1.523198209557593996e+00
-1.702606597653122611e+00
-3.078351075906887058e+00
9.542555119928526342e-01
-1.003834226199633139e+00
-4.639197913674970863e-02
-4.068671128279692240e-01
-1.509038854641075122e+00
1.178984125036512731e+00
3.854995001141275912e-02
7.733931314099581344e-01
-1.347331624187237953e-01
4.246091372414186882e-01
-1.340912193016430720e+00
-1.546582182845250564e-01
-6.951836020242764258e-01
1.707867915675204351e+00
6.102971467315934651e-02
9.515568541881355702e-02
8.286246032602146983e-01
-1.335015543973502750e+00
-1.009730077455367914e+00
-1.257132858206268633e+00
1.584388368421666415e+00
8.151262356195728698e-01
-8.899452609596412156e-01
-4.490683531109175841e-01
1.351173565360283657e+00
7.317850962463574582e-01
4.027297386949719171e-01
1.344013638644690811e+00
1.615538759552010095e+00
-5.832374590035039885e-01
-8.106153640955297002e-01
8.221586058104622952e-01
2.154725272229891520e+00
-1.280997780619582471e+00
3.828565229328737995e+00
-6.618679882263732717e-01
-9.211785667210707906e-01
-1.204885939120712735e+00
-2.769801835025390013e-01
7.668792445454271078e-01
2.042478602077323568e+00
-9.256026018055955040e-01
-1.170684186686166417e-01
2.076082048420029302e-01
1.070121132800337937e+00
1.354626067934015410e+00
4.461666826517054485e-01
-6.729760427427629033e-01
-8.935819208065529651e-01
-1.917487520368728937e+00
8.273351285084449280e-01
-1.557859686131674914e+00
-1.448289617538941698e+00
5.079824346937218404e-01
-1.474260073993134967e-01
-1.174974269473110011e+00
5.109005973710981641e-01
-4.943453670339483241e-01
-3.192608786359520501e+00
7.870028930070505080e-01
9.636193988049015502e-01
9.609042064607937750e-01
4.174357118003255707e-01
-3.942741899848720699e-01
1.092173259995948165e+00
-8.095329828433069919e-01
-4.794095254138253104e-01
-4.694100005391777519e-01
1.222429281475695406e+00
3.319915957051502997e-01
-6.046309586899326627e-01
-1.127300806029720492e+00
7.539776343376282108e-01
7.646129254276646803e-01
4.742590315402300249e-01
5.817827750190075475e-01
9.998565242427251420e-02
-5.759770312860807567e-02
1.658347696562779694e+00
1.235055687614738051e+00
1.556312315914064673e-02
9.032599537156822400e-01
-1.747119647540675835e+00
-2.287467996085380123e-02
-7.064774483323691401e-01
-8.084150796014981655e-01
2.561006623079525868e-01
1.928694414515228273e+00
9.382490659111206721e-01
-1.213125765283617818e+00
-1.510120231277096714e+00
4.270071161997843756e-01
8.650229836242725456e-01
7.383877086753640184e-02
-1.472255233441598088e-01
7.712050174783358081e-02
1.573496004367437084e+00
-5.232582174111486406e-01
4.391057426575581402e-01
-6.955649971298228929e-01
-1.023582208500234181e+00
6.876828699193268113e-01
-4.636723398480532832e-01
6.366527513176782616e-02
6.464002639993515764e-01
-5.090960255083131214e-01
-2.074458766641618657e-01
1.985308215228270612e+00
-1.602672298276072160e-01
5.563279555119554631e-01
-1.291113934695301557e+00
-1.103810452011449658e-02
-5.733329529470634345e-01
-1.233860443424389247e-01
1.724446297184874854e+00
6.010736459147604238e-01
1.157289250018322058e+00
-3.668944716494285108e-01
2.575398885668001014e-01
-6.796661576517272207e-01
1.071365368467423806e+00
2.906550075462300153e+00
1.015974494279462181e+00
1.068451668644071706e+00
-5.218971889551288212e-01
4.638522243562438474e-01
-1.074722456425580397e+00
4.101658917609483090e-01
-4.250754325768358322e-01
1.404838494570711804e-01
-3.239484457509825277e-01
4.079987745635176855e-01
-9.271900311061078703e-01
3.706491938613138554e-02
2.348549723085247454e+00
1.757538768132311524e-01
-1.425483226042278950e-01
-4.097077906714131079e-01
8.798966493835727598e-02
-5.627825975263064939e-02
-1.203652572587517566e+00
-9.536990534858084123e-01
-4.956264711724315819e-01
-1.300735121727446097e+00
5.720445991770310989e-01
1.268572739563120555e+00
2.304665294352220783e+00
5.074435081211814413e-02
-4.067223495023243318e-01
-1.327433725849685331e+00
2.118624326542906389e-01
-3.133781156948944324e-01
8.640095390397649344e-02
-2.757033197167227945e-01
9.205651034332026361e-01
8.263157219607323301e-01
-3.020537411365596392e-01
-1.207495809363272610e-01
-5.812145113751449044e-02
-8.424511473062779032e-01
-5.439156597527593506e-01
-1.776190036148644014e+00
1.822282185750195016e-01
-1.910867320429430194e+00
5.122530657042364544e-01
-8.368886796913382886e-01
1.948943748153202815e+00
-6.946230621633590063e-01
-6.274417676152264089e-01
3.066880330137973787e-01
-7.842597076494545183e-01
5.585715227536270922e-01
-4.279830666690631058e-01
7.268677784486122784e-01
7.826872901992759646e-02
1.862570924915205373e+00
2.165766810498702399e-01
-3.718378723557110854e-01
1.526455509485910023e+00
-3.741951453432104668e-01
-1.146093868203152288e+00
2.809802114489697300e-01
-5.582211665699375880e-01
-4.050442867204009367e-01
7.971623133845131548e-01
3.269470595086417797e-01
-9.191452123036774058e-01
1.417252218926450036e+00
-1.153428779058945572e-02
1.984862447866841961e-01
-3.617426928621011450e-01
-1.460465369046104189e-01
5.638944616487543415e-01
-8.233544026819610284e-01
-2.541901859638119987e+00
-9.616750724388993532e-03
1.313429796184997000e+00
7.512411527949418300e-02
5.809136643020331725e-01
9.731725070348901108e-01
-1.082053574278059482e+00
5.580641983724665689e-01
-1.150980469907452397e+00
-1.232965698684667766e+00
1.092159373217824525e+00
-7.923795562062010411e-01
7.671216170551644620e-01
-1.309385579020748480e+00
-5.570518639694777008e-01
1.105235134331585822e+00
1.374041538659864115e+00
1.035549806947296592e+00
-4.323365807945615535e-01
8.474515527990292840e-01
-1.279854621066111309e-01
-8.779835560985405074e-01
4.975157364529675386e-01
-1.551935505024025108e+00
4.103210477381429300e-01
1.421349572132963202e+00
-1.466608257747022748e+00
-1.827689552162886422e+00
-2.322541702861509183e-01
-5.000627916243218785e-01
-5.443223952955312805e-01
-2.794552332161476915e+00
9.104082967798842185e-01
1.190617340667166291e+00
-6.475462488442201847e-01
-9.543993065715730140e-01
-1.312267890236727963e-01
-8.569044357594430839e-01
4.355525185416139200e-01
-1.561561424352509997e+00
-5.158963060901944342e-01
1.753738156441499774e+00
-1.299315862137441213e+00
-1.703526273122550894e-01
1.421021245646090225e+00
-2.564301881823373153e-01
-8.606096270825180916e-01
8.424149306563633033e-01
-4.575016503748025598e-01
-6.476686497370933715e-01
-4.401251172310041149e-01
-7.040946930674053528e-01
3.386545575811389930e-01
3.241144343442111664e-01
1.712941673714357682e-01
2.527115151337723173e-02
1.171011624533410123e+00
-1.386019185905391193e+00
-1.483858814868000531e+00
1.094746442759819027e+00
-2.082984657418428309e+00
-5.127805666432042608e-01
-1.640216639564463730e+00
5.804279499912640139e-01
-2.486603928420013432e+00
-1.302529535769337832e-01
-2.054311850969825048e+00
-4.102906980531733083e-01
3.580324587432462402e-01
-7.135410524352323036e-02
2.009137936410008429e-01
1.961964237297423308e-01
4.847857226036009770e-01
-4.146663888269540021e-01
-1.376112437905849806e+00
-9.563305676927102983e-01
1.182486511442478294e+00
-4.504146065087393236e-01
9.345320359386950493e-01
3.384159402381461401e-01
-1.709266673990802232e+00
1.445004029090642739e+00
-1.387948928325690057e+00
-1.033867928349249260e-01
-1.306747228476133005e+00
-1.293283611629899577e+00
6.900877623232005709e-01
7.700570318110192547e-01
7.288692255052986457e-01
4.105700745648354494e-02
1.561333049982085219e+00
-1.252219402754926270e+00
2.669896385422857232e+00
-1.146423303560385687e+00
-3.651008497627090121e-01
1.353626155746783244e-01
-5.767346134004798230e-01
1.984407144001790080e+00
-2.332026426888088866e-01
-4.418582686026709117e-01
7.863002783036504573e-01
6.063460375215886655e-01
1.231121660164712139e+00
7.727967062859360248e-02
4.398957066711729758e-02
-7.402564314052446914e-02
-6.517026376585550729e-01
7.773321509358933623e-01
1.286288205823221009e+00
3.297490644737066101e-01
-2.296461307868893353e+00
-1.059870694278511882e+00
-3.770911999513663071e-01
-8.926627579737457241e-01
3.357416642611436158e-02
1.308593269987516461e+00
9.719244003077465166e-01
7.853184394038668081e-01
-1.599949556165173870e-01
-6.128731393976584174e-01
-6.546213068878711239e-01
1.787972969140336543e+00
-1.476444169541672180e-01
5.722806826584357909e-01
9.669446316414335163e-01
-1.811987702731278960e+00
-1.211136534342373006e-01
-1.353761939723207575e-01
-1.389226701411776510e+00
-1.756329433860556621e+00
1.727769214410709298e-01
2.359270806850325419e-01
7.443508354809166283e-01
-6.754596190363940655e-01
-2.116236397110503667e-02
1.445760189953472219e+00
-4.945986901966698546e-01
1.673688742431474363e+00
-1.840246257527022589e-01
8.018368837176416131e-01
1.773175591432230469e+00
-7.979562082820460533e-01
-4.396042112294215043e-01
-4.434772096304734346e-01
1.466394579113478036e-01
-6.305225600698519672e-01
-2.585369876736661521e+00
-2.033217021427078830e+00
-2.495562503987047015e-02
-7.458199227017094785e-03
8.796975870319044821e-01
-2.146256643768955641e+00
8.771870279804283577e-02
1.037139543098300587e+00
-3.042882020684027633e-02
3.562913201411325725e-01
6.300493118801572257e-01
-2.073491208484822934e+00
-1.393474420610057773e+00
-3.392222217891622260e-01
4.385332862663921527e-01
1.100371980606367650e+00
1.562222047870412522e+00
3.004032351821155911e-01
9.950436725140222594e-01
5.304405201830276750e-01
-2.982251229265202030e-01
-5.984646994433717726e-01
1.359868419659503891e+00
-7.015596924714517790e-01
-1.216834742381499024e-01
-7.084831223476681927e-01
1.422494553965034936e-01
8.308532552138671035e-01
-7.629686690457697651e-01
-6.541790063019058410e-01
5.648121981229957400e-02
-8.089730080042681348e-02
5.274319048405969879e-01
-1.247938630545973177e-01
-1.297772059195346106e+00
1.865249589303915878e-01
-3.473307272358290843e-01
2.823256702052501579e-02
1.550174340922727101e+00
6.303755610188895853e-01
3.923099520697886922e-01
4.913585835028373705e-02
-9.119717540510705600e-01
-6.403524567629739206e-01
8.784552723903943372e-01
